12 16 -299.478
12 2 -143.987
10 1 -111.821
9 10 -206.065
8 4 -127.771
8 2 -104.077
6 4 -107.793
6 8 -149.905
6 2 -83.973
4 4 -87.3037
4 3 -75.734
4 2 -64.013
4 1 -52.039
1 10 -91.21466
4 7 -111.11796
5 3 -85.71227
6 1 -71.99368
10 2 -124.032
6 5 -119.2533
2 10 -103.86285
3 5 -81.5595
2 4 -59.25139
9 7 -173.0612
7 6 -141.0346
2 12 -118.71078
2 6 -73.22875
2 16 -150.6269
2 8 -86.7755
8 7 -162.89830556
1 10 -91.21466
5 4 -97.3979
8 1 -91.9003
6 2 -84.139
2 10 -103.86285
1 12 -104.64746
12 11 -250.064
11 12 -249.9737319
7 8 -162.53278029
5 6 -118.655
4 5 -96.928068
8 7 -162.897
5 4 -97.46
6 5 -119.244
15 16 -337.148
7 9 -171.21
13 14 -293.435
6 7 -140.655
19 20 -423.46393879
23 24 -511.18036202
27 28 -597.84691867
31 32 -685.52786026
1 0 -9.95758
0 1 -10.897


